,potential,iteration
0,0.0,265
1,0.0,740
2,0.0,4082
3,0.0,1055
4,0.0,618
5,0.0,573
6,0.0,330
7,0.0,1363
8,0.0,3141
9,0.0,253
10,0.0,1850
11,0.0,589
12,0.0,4567
13,0.0,3753
14,0.0,3878
15,0.0,608
16,0.0,40
17,0.0,300
18,0.0,4217
19,0.0,599
20,0.0,1387
21,0.0,3996
22,0.0,2994
23,0.0,1632
24,0.0,2025
25,0.0,2306
26,0.0,241
27,0.0,310
28,0.0,4477
29,0.0,669
30,0.0,393
31,0.0,500
32,0.0,1304
33,0.0,2143
34,0.0,264
35,0.0,1103
36,0.0,911
37,0.0,2589
38,0.0,643
39,0.0,1483
40,0.0,1207
41,0.0,899
42,0.0,3528
43,0.0,4283
44,0.0,579
45,0.0,2743
46,0.0,740
47,0.0,902
48,0.0,1516
49,0.0,639
50,0.0,1197
51,0.0,32
52,0.0,459
53,0.0,51
54,0.0,957
55,0.0,194
56,0.0,1759
57,0.0,425
58,0.0,1329
59,0.0,990
60,0.0,222
61,0.0,3276
62,0.0,922
63,0.0,45
64,0.0,609
65,0.0,733
66,0.0,2945
67,0.0,3880
68,0.0,156
69,0.0,1461
70,0.0,131
71,0.0,3131
72,0.0,1257
73,0.0,3
74,0.0,3196
75,0.0,2035
76,0.0,924
77,0.0,448
78,0.0,116
79,0.0,1551
80,0.0,3676
81,0.0,384
82,0.0,4219
83,0.0,31
84,0.0,711
85,0.0,2952
86,0.0,4043
87,0.0,220
88,0.0,949
89,0.0,1791
90,0.0,1003
91,0.0,1840
92,0.0,1644
93,0.0,899
94,0.0,789
95,0.0,67
96,0.0,377
97,0.0,598
98,0.0,343
99,0.0,688
100,0.0,2015
101,0.0,587
102,0.0,1243
103,0.0,1406
104,0.0,1730
105,0.0,2420
106,0.0,823
107,0.0,559
108,0.0,420
109,0.46875,5000
110,0.0,1059
111,0.0,1151
112,0.0,970
113,0.0,4789
114,0.0,3267
115,0.0,302
116,0.0,1249
117,0.03125,5000
118,0.0,571
119,0.0,728
120,0.0,2224
121,0.0,1741
122,0.0,1508
123,0.0,975
124,0.0,625
125,0.0,984
126,0.03125,5000
127,0.0,2176
128,0.0,64
129,0.0,2921
130,0.0,465
131,0.0,675
132,0.0,2804
133,0.0,2355
134,0.0,138
135,0.0,391
136,0.0,493
137,0.0,1344
138,0.0,696
139,0.0,348
140,0.0,586
141,0.0,1979
142,0.0,1176
143,0.0,430
144,0.0,959
145,0.15625,5000
146,0.0,1286
147,0.0,1035
148,0.0,440
149,0.03125,5000
